0.086 0.063 0.052 0.052 0.049 0.046 0.046 0.040 0.036 0.035 0.035 0.032 0.030 0.029 0.028 0.026 0.025 0.023 0.022 0.021
0.111 0.076 0.057 0.048 0.045 0.043 0.041 0.041 0.039 0.038 0.031 0.028 0.026 0.023 0.023 0.022 0.022 0.022 0.019 0.019
0.079 0.062 0.058 0.048 0.048 0.046 0.044 0.038 0.036 0.035 0.034 0.030 0.029 0.027 0.027 0.026 0.026 0.025 0.021 0.021
0.112 0.051 0.043 0.040 0.040 0.038 0.037 0.035 0.033 0.031 0.028 0.027 0.027 0.023 0.021 0.020 0.019 0.019 0.018 0.018
0.064 0.058 0.052 0.047 0.046 0.037 0.037 0.036 0.036 0.030 0.030 0.027 0.025 0.024 0.024 0.019 0.018 0.018 0.018 0.018
0.061 0.060 0.057 0.056 0.049 0.047 0.044 0.039 0.037 0.036 0.035 0.034 0.031 0.030 0.027 0.025 0.020 0.020 0.020 0.020
0.057 0.057 0.054 0.046 0.045 0.041 0.041 0.039 0.035 0.033 0.031 0.030 0.028 0.027 0.026 0.025 0.024 0.024 0.022 0.021
0.072 0.055 0.053 0.051 0.045 0.042 0.040 0.037 0.034 0.033 0.032 0.030 0.029 0.028 0.026 0.026 0.025 0.023 0.020 0.019
0.118 0.073 0.062 0.053 0.049 0.046 0.046 0.044 0.043 0.037 0.036 0.031 0.030 0.027 0.027 0.026 0.024 0.018 0.016 0.015
0.070 0.060 0.057 0.057 0.050 0.049 0.041 0.039 0.038 0.037 0.034 0.032 0.031 0.029 0.027 0.026 0.026 0.024 0.024 0.022
0.091 0.059 0.056 0.052 0.049 0.036 0.034 0.033 0.032 0.031 0.028 0.027 0.026 0.026 0.024 0.021 0.020 0.020 0.018 0.018
0.083 0.075 0.071 0.057 0.057 0.039 0.035 0.034 0.034 0.033 0.031 0.031 0.030 0.028 0.025 0.022 0.022 0.021 0.019 0.019
0.068 0.058 0.058 0.050 0.050 0.047 0.045 0.039 0.039 0.038 0.034 0.031 0.030 0.030 0.029 0.028 0.026 0.023 0.022 0.018
0.075 0.052 0.052 0.050 0.048 0.048 0.047 0.044 0.040 0.039 0.038 0.037 0.034 0.031 0.029 0.025 0.025 0.022 0.019 0.019
0.047 0.046 0.043 0.041 0.040 0.039 0.038 0.038 0.035 0.031 0.031 0.030 0.026 0.025 0.024 0.023 0.023 0.022 0.021 0.020
0.067 0.064 0.052 0.051 0.047 0.045 0.045 0.042 0.039 0.038 0.036 0.036 0.029 0.028 0.027 0.023 0.022 0.022 0.022 0.021
0.065 0.063 0.055 0.054 0.051 0.050 0.048 0.047 0.046 0.046 0.044 0.042 0.040 0.029 0.026 0.023 0.023 0.022 0.016 0.016
0.057 0.054 0.050 0.045 0.044 0.044 0.037 0.035 0.033 0.032 0.028 0.027 0.026 0.026 0.026 0.025 0.025 0.024 0.023 0.023
0.063 0.059 0.053 0.048 0.045 0.044 0.044 0.033 0.032 0.032 0.031 0.030 0.029 0.028 0.028 0.026 0.026 0.025 0.023 0.019
0.117 0.067 0.065 0.049 0.044 0.039 0.032 0.031 0.031 0.031 0.029 0.024 0.023 0.022 0.022 0.021 0.021 0.019 0.019 0.019
0.116 0.089 0.087 0.055 0.054 0.049 0.044 0.040 0.038 0.036 0.036 0.032 0.028 0.027 0.026 0.023 0.023 0.020 0.019 0.015
0.089 0.061 0.053 0.052 0.047 0.046 0.043 0.039 0.035 0.033 0.031 0.031 0.030 0.028 0.028 0.027 0.026 0.023 0.022 0.021
0.077 0.071 0.061 0.052 0.052 0.052 0.048 0.039 0.038 0.037 0.035 0.031 0.030 0.023 0.021 0.021 0.020 0.019 0.018 0.016
0.069 0.059 0.053 0.049 0.048 0.047 0.046 0.043 0.042 0.033 0.030 0.030 0.028 0.027 0.027 0.026 0.025 0.025 0.024 0.021
0.064 0.058 0.054 0.053 0.051 0.049 0.048 0.044 0.036 0.035 0.033 0.030 0.029 0.025 0.025 0.025 0.022 0.020 0.017 0.017
0.058 0.057 0.046 0.044 0.041 0.037 0.036 0.035 0.034 0.032 0.030 0.029 0.027 0.026 0.023 0.022 0.022 0.020 0.020 0.020
0.099 0.090 0.062 0.060 0.059 0.058 0.050 0.045 0.036 0.030 0.030 0.028 0.026 0.024 0.023 0.019 0.019 0.019 0.017 0.017
0.095 0.072 0.060 0.055 0.050 0.048 0.041 0.040 0.037 0.035 0.034 0.030 0.028 0.027 0.025 0.024 0.024 0.023 0.022 0.021
0.072 0.065 0.061 0.059 0.054 0.049 0.049 0.048 0.046 0.043 0.042 0.040 0.033 0.032 0.029 0.028 0.026 0.022 0.022 0.016
0.058 0.052 0.052 0.051 0.050 0.046 0.046 0.042 0.040 0.039 0.039 0.037 0.033 0.028 0.028 0.026 0.025 0.024 0.022 0.021
0.062 0.062 0.060 0.054 0.045 0.041 0.038 0.037 0.036 0.033 0.032 0.031 0.027 0.027 0.022 0.022 0.021 0.020 0.018 0.016
0.077 0.072 0.068 0.057 0.057 0.043 0.041 0.040 0.040 0.037 0.034 0.033 0.030 0.027 0.024 0.023 0.021 0.021 0.020 0.018
0.092 0.078 0.077 0.062 0.048 0.046 0.043 0.041 0.037 0.033 0.031 0.029 0.028 0.027 0.022 0.022 0.021 0.019 0.017 0.016
0.065 0.062 0.049 0.047 0.047 0.046 0.046 0.041 0.040 0.039 0.035 0.035 0.034 0.034 0.030 0.030 0.028 0.027 0.025 0.020
0.071 0.071 0.064 0.058 0.045 0.040 0.036 0.033 0.031 0.030 0.030 0.029 0.028 0.027 0.024 0.021 0.020 0.020 0.020 0.019
0.086 0.084 0.066 0.062 0.050 0.047 0.032 0.030 0.029 0.028 0.026 0.025 0.024 0.023 0.022 0.022 0.021 0.020 0.020 0.018
0.084 0.072 0.053 0.047 0.046 0.044 0.039 0.039 0.038 0.038 0.035 0.028 0.028 0.027 0.026 0.021 0.020 0.016 0.015 0.015
0.073 0.060 0.056 0.053 0.046 0.046 0.044 0.043 0.041 0.041 0.033 0.030 0.025 0.024 0.024 0.024 0.023 0.021 0.021 0.020
0.066 0.047 0.045 0.043 0.038 0.037 0.037 0.036 0.032 0.032 0.032 0.031 0.031 0.030 0.029 0.029 0.028 0.028 0.025 0.024
0.082 0.060 0.055 0.051 0.049 0.049 0.048 0.043 0.043 0.040 0.036 0.031 0.031 0.031 0.022 0.020 0.020 0.019 0.018 0.016
0.066 0.065 0.053 0.049 0.046 0.042 0.038 0.036 0.033 0.032 0.030 0.028 0.027 0.027 0.025 0.024 0.023 0.023 0.023 0.019
0.060 0.057 0.054 0.049 0.048 0.045 0.043 0.039 0.038 0.029 0.028 0.027 0.025 0.024 0.022 0.021 0.020 0.018 0.017 0.017
0.061 0.055 0.051 0.050 0.050 0.048 0.045 0.044 0.039 0.036 0.034 0.034 0.033 0.032 0.030 0.029 0.026 0.024 0.022 0.022
0.064 0.052 0.052 0.052 0.051 0.048 0.043 0.038 0.038 0.036 0.034 0.033 0.029 0.028 0.026 0.025 0.024 0.024 0.021 0.020
0.126 0.120 0.105 0.096 0.085 0.080 0.067 0.060 0.037 0.033 0.026 0.023 0.020 0.018 0.017 0.016 0.015 0.008 0.006 0.006
0.068 0.058 0.052 0.049 0.047 0.043 0.038 0.033 0.033 0.032 0.032 0.030 0.030 0.029 0.029 0.028 0.028 0.028 0.022 0.021
0.082 0.068 0.055 0.054 0.054 0.042 0.038 0.035 0.035 0.032 0.030 0.028 0.027 0.025 0.025 0.023 0.023 0.018 0.018 0.017
0.099 0.094 0.066 0.064 0.061 0.058 0.051 0.050 0.045 0.041 0.039 0.030 0.027 0.026 0.023 0.021 0.020 0.020 0.020 0.018
0.081 0.080 0.077 0.061 0.060 0.050 0.045 0.042 0.040 0.038 0.027 0.027 0.022 0.022 0.021 0.021 0.020 0.019 0.017 0.016
0.060 0.060 0.054 0.043 0.039 0.037 0.035 0.032 0.032 0.029 0.028 0.027 0.027 0.026 0.026 0.024 0.022 0.021 0.020 0.020
