0.091 0.076 0.062 0.062 0.051 0.049 0.048 0.036 0.035 0.032 0.030 0.026 0.026 0.026 0.021 0.019 0.016 0.016 0.015 0.015
0.094 0.054 0.052 0.047 0.042 0.041 0.040 0.035 0.035 0.034 0.033 0.032 0.031 0.030 0.029 0.028 0.026 0.025 0.024 0.019
0.064 0.055 0.054 0.040 0.038 0.038 0.038 0.037 0.036 0.030 0.030 0.030 0.029 0.026 0.025 0.024 0.024 0.023 0.020 0.019
0.073 0.071 0.070 0.057 0.056 0.056 0.056 0.054 0.050 0.049 0.045 0.043 0.042 0.031 0.028 0.026 0.026 0.024 0.020 0.018
0.075 0.071 0.062 0.059 0.048 0.043 0.043 0.041 0.039 0.035 0.032 0.029 0.028 0.027 0.023 0.022 0.021 0.021 0.020 0.020
0.069 0.064 0.063 0.056 0.054 0.052 0.045 0.043 0.038 0.034 0.033 0.033 0.032 0.028 0.027 0.027 0.026 0.025 0.025 0.025
0.081 0.073 0.049 0.041 0.038 0.036 0.036 0.033 0.033 0.029 0.027 0.026 0.025 0.022 0.022 0.021 0.021 0.019 0.018 0.018
0.074 0.073 0.064 0.057 0.051 0.051 0.051 0.042 0.041 0.039 0.038 0.037 0.036 0.035 0.028 0.026 0.023 0.022 0.016 0.015
0.101 0.077 0.064 0.063 0.059 0.053 0.051 0.050 0.049 0.047 0.037 0.031 0.031 0.028 0.027 0.024 0.020 0.019 0.017 0.017
0.064 0.059 0.053 0.049 0.048 0.047 0.044 0.042 0.040 0.039 0.037 0.036 0.034 0.034 0.029 0.028 0.028 0.026 0.024 0.023
0.092 0.075 0.068 0.067 0.065 0.061 0.055 0.055 0.054 0.052 0.038 0.035 0.030 0.030 0.025 0.022 0.019 0.018 0.018 0.016
0.082 0.080 0.058 0.042 0.041 0.041 0.041 0.040 0.039 0.039 0.038 0.033 0.032 0.027 0.026 0.021 0.020 0.020 0.020 0.019
0.127 0.078 0.058 0.057 0.053 0.051 0.046 0.042 0.040 0.036 0.035 0.034 0.034 0.033 0.031 0.028 0.026 0.026 0.020 0.018
0.062 0.061 0.057 0.057 0.055 0.054 0.048 0.047 0.043 0.036 0.036 0.035 0.034 0.033 0.033 0.032 0.030 0.025 0.024 0.023
0.066 0.063 0.062 0.053 0.050 0.048 0.044 0.042 0.042 0.041 0.041 0.040 0.038 0.034 0.028 0.027 0.025 0.021 0.019 0.019
0.072 0.064 0.059 0.053 0.052 0.048 0.046 0.038 0.035 0.035 0.033 0.033 0.033 0.032 0.031 0.027 0.025 0.025 0.025 0.023
0.112 0.071 0.065 0.053 0.053 0.048 0.045 0.044 0.042 0.041 0.039 0.037 0.033 0.031 0.031 0.027 0.024 0.023 0.023 0.022
0.071 0.066 0.066 0.063 0.058 0.048 0.046 0.044 0.044 0.037 0.034 0.033 0.032 0.029 0.028 0.028 0.027 0.026 0.026 0.025
0.077 0.076 0.074 0.058 0.054 0.045 0.043 0.043 0.042 0.041 0.041 0.038 0.033 0.032 0.030 0.028 0.028 0.026 0.023 0.020
0.074 0.065 0.063 0.055 0.055 0.054 0.050 0.050 0.048 0.048 0.041 0.040 0.028 0.024 0.023 0.022 0.022 0.019 0.018 0.017
0.084 0.070 0.065 0.054 0.053 0.050 0.046 0.039 0.038 0.036 0.034 0.031 0.030 0.030 0.029 0.027 0.025 0.023 0.017 0.017
0.076 0.059 0.055 0.048 0.044 0.043 0.041 0.040 0.039 0.035 0.035 0.035 0.032 0.030 0.026 0.023 0.023 0.022 0.022 0.021
0.085 0.062 0.058 0.058 0.057 0.047 0.047 0.047 0.042 0.041 0.040 0.039 0.037 0.027 0.027 0.025 0.023 0.023 0.021 0.018
0.081 0.081 0.060 0.060 0.056 0.051 0.042 0.041 0.037 0.035 0.035 0.034 0.030 0.030 0.030 0.029 0.027 0.025 0.021 0.020
0.077 0.050 0.043 0.036 0.035 0.034 0.033 0.032 0.029 0.029 0.029 0.028 0.028 0.026 0.026 0.025 0.024 0.024 0.023 0.021
0.087 0.072 0.054 0.053 0.052 0.051 0.049 0.047 0.040 0.039 0.037 0.036 0.035 0.033 0.033 0.030 0.021 0.021 0.020 0.018
0.084 0.082 0.075 0.055 0.051 0.040 0.038 0.037 0.036 0.035 0.032 0.032 0.028 0.026 0.026 0.024 0.024 0.023 0.022 0.021
0.104 0.076 0.067 0.061 0.053 0.051 0.050 0.049 0.048 0.046 0.037 0.035 0.029 0.021 0.019 0.018 0.018 0.016 0.015 0.015
0.235 0.147 0.105 0.100 0.090 0.076 0.040 0.032 0.031 0.023 0.019 0.016 0.012 0.012 0.000 0.000 0.000 0.000 0.000 0.000
0.086 0.064 0.062 0.057 0.057 0.056 0.053 0.051 0.047 0.045 0.042 0.041 0.039 0.024 0.024 0.023 0.021 0.018 0.016 0.016
0.094 0.052 0.051 0.049 0.046 0.044 0.040 0.038 0.037 0.035 0.033 0.032 0.029 0.027 0.026 0.022 0.022 0.020 0.020 0.019
0.125 0.091 0.085 0.079 0.061 0.061 0.053 0.048 0.046 0.042 0.042 0.037 0.033 0.025 0.023 0.017 0.016 0.011 0.010 0.009
0.075 0.074 0.073 0.066 0.064 0.062 0.061 0.056 0.046 0.046 0.043 0.037 0.036 0.036 0.032 0.026 0.021 0.018 0.015 0.014
0.092 0.078 0.072 0.064 0.061 0.050 0.041 0.038 0.031 0.030 0.029 0.029 0.029 0.027 0.026 0.020 0.020 0.017 0.017 0.016
0.054 0.049 0.045 0.042 0.042 0.040 0.040 0.037 0.036 0.035 0.030 0.030 0.029 0.027 0.026 0.026 0.025 0.023 0.022 0.022
0.109 0.081 0.072 0.066 0.045 0.039 0.034 0.034 0.033 0.033 0.030 0.029 0.028 0.028 0.028 0.027 0.026 0.026 0.024 0.023
0.073 0.052 0.046 0.046 0.038 0.036 0.034 0.033 0.031 0.029 0.027 0.025 0.024 0.022 0.020 0.019 0.018 0.016 0.016 0.016
0.078 0.061 0.046 0.043 0.042 0.040 0.038 0.034 0.034 0.034 0.032 0.030 0.029 0.029 0.029 0.028 0.028 0.027 0.026 0.026
0.066 0.066 0.060 0.053 0.050 0.047 0.043 0.042 0.041 0.040 0.037 0.037 0.034 0.033 0.031 0.026 0.023 0.023 0.022 0.019
0.074 0.072 0.054 0.054 0.049 0.049 0.044 0.042 0.040 0.040 0.039 0.036 0.032 0.032 0.030 0.028 0.027 0.025 0.021 0.020
0.091 0.084 0.065 0.062 0.061 0.047 0.043 0.034 0.033 0.033 0.030 0.030 0.029 0.028 0.027 0.026 0.025 0.022 0.021 0.020
0.092 0.080 0.068 0.064 0.051 0.047 0.044 0.042 0.042 0.037 0.035 0.034 0.034 0.033 0.029 0.028 0.028 0.022 0.016 0.015
0.149 0.122 0.113 0.102 0.083 0.061 0.056 0.052 0.036 0.033 0.030 0.028 0.025 0.017 0.014 0.012 0.007 0.006 0.000 0.000
0.065 0.061 0.054 0.045 0.040 0.040 0.037 0.036 0.032 0.031 0.031 0.029 0.029 0.028 0.028 0.025 0.023 0.021 0.019 0.018
0.106 0.090 0.079 0.065 0.054 0.052 0.047 0.039 0.034 0.034 0.034 0.030 0.027 0.023 0.020 0.019 0.019 0.019 0.018 0.016
0.070 0.057 0.043 0.039 0.039 0.038 0.038 0.037 0.035 0.033 0.032 0.031 0.030 0.029 0.023 0.022 0.020 0.020 0.019 0.018
0.096 0.059 0.057 0.054 0.050 0.048 0.046 0.041 0.040 0.039 0.039 0.033 0.026 0.024 0.021 0.021 0.018 0.017 0.017 0.017
0.075 0.064 0.063 0.060 0.055 0.053 0.053 0.051 0.046 0.041 0.040 0.038 0.037 0.031 0.029 0.028 0.027 0.023 0.022 0.019
0.074 0.070 0.062 0.061 0.045 0.042 0.037 0.037 0.035 0.035 0.032 0.031 0.028 0.027 0.024 0.024 0.023 0.020 0.018 0.017
0.089 0.083 0.064 0.057 0.049 0.049 0.044 0.042 0.036 0.030 0.029 0.025 0.025 0.024 0.023 0.019 0.019 0.017 0.016 0.012
