0.091 0.078 0.073 0.065 0.060 0.054 0.047 0.045 0.039 0.029 0.029 0.029 0.026 0.021 0.020 0.020 0.019 0.018 0.016 0.015
0.092 0.088 0.077 0.060 0.055 0.055 0.050 0.049 0.045 0.041 0.031 0.030 0.027 0.027 0.024 0.024 0.022 0.020 0.018 0.014
0.091 0.088 0.078 0.075 0.068 0.054 0.050 0.050 0.035 0.033 0.033 0.031 0.027 0.024 0.022 0.021 0.019 0.019 0.019 0.018
0.099 0.089 0.066 0.065 0.063 0.058 0.056 0.047 0.043 0.040 0.038 0.038 0.035 0.032 0.023 0.018 0.016 0.016 0.014 0.014
0.106 0.090 0.082 0.075 0.056 0.054 0.043 0.042 0.040 0.033 0.033 0.033 0.025 0.025 0.024 0.021 0.019 0.019 0.018 0.017
0.104 0.095 0.080 0.075 0.072 0.052 0.049 0.042 0.042 0.041 0.035 0.032 0.030 0.025 0.024 0.019 0.019 0.016 0.015 0.014
0.101 0.096 0.092 0.087 0.081 0.077 0.057 0.054 0.043 0.042 0.034 0.034 0.019 0.019 0.019 0.017 0.017 0.017 0.017 0.014
0.092 0.079 0.069 0.065 0.060 0.056 0.050 0.048 0.047 0.045 0.038 0.037 0.035 0.034 0.032 0.028 0.027 0.018 0.017 0.015
0.099 0.086 0.078 0.074 0.057 0.052 0.048 0.041 0.039 0.032 0.032 0.032 0.032 0.030 0.029 0.028 0.019 0.019 0.018 0.014
0.094 0.088 0.064 0.063 0.062 0.052 0.048 0.046 0.045 0.044 0.040 0.037 0.027 0.023 0.022 0.022 0.022 0.019 0.017 0.015
0.096 0.093 0.070 0.070 0.068 0.064 0.060 0.057 0.057 0.050 0.036 0.033 0.029 0.023 0.021 0.020 0.017 0.016 0.016 0.014
0.090 0.073 0.072 0.069 0.057 0.047 0.046 0.045 0.040 0.039 0.039 0.034 0.030 0.026 0.026 0.021 0.019 0.019 0.018 0.018
0.110 0.085 0.076 0.074 0.059 0.055 0.042 0.037 0.035 0.031 0.030 0.030 0.030 0.028 0.024 0.018 0.016 0.015 0.015 0.014
0.130 0.063 0.063 0.062 0.061 0.060 0.055 0.044 0.043 0.041 0.040 0.040 0.027 0.025 0.020 0.020 0.020 0.019 0.018 0.015
0.080 0.064 0.064 0.062 0.060 0.059 0.059 0.048 0.047 0.032 0.032 0.027 0.025 0.024 0.024 0.021 0.018 0.018 0.017 0.017
0.070 0.068 0.067 0.063 0.062 0.062 0.048 0.047 0.044 0.044 0.042 0.035 0.035 0.033 0.030 0.030 0.029 0.027 0.027 0.023
0.079 0.078 0.074 0.072 0.062 0.061 0.048 0.035 0.033 0.029 0.029 0.025 0.024 0.024 0.023 0.022 0.021 0.020 0.020 0.019
0.122 0.085 0.077 0.074 0.066 0.065 0.045 0.042 0.039 0.039 0.030 0.028 0.027 0.022 0.022 0.022 0.015 0.015 0.015 0.015
0.073 0.067 0.066 0.057 0.048 0.046 0.044 0.042 0.040 0.039 0.036 0.033 0.032 0.030 0.028 0.024 0.022 0.021 0.019 0.018
0.099 0.078 0.070 0.066 0.066 0.049 0.046 0.044 0.042 0.037 0.035 0.034 0.032 0.026 0.023 0.022 0.020 0.020 0.018 0.016
0.118 0.088 0.059 0.055 0.051 0.046 0.045 0.045 0.037 0.037 0.034 0.027 0.025 0.025 0.020 0.019 0.018 0.017 0.017 0.014
0.114 0.085 0.072 0.067 0.065 0.051 0.048 0.048 0.042 0.041 0.040 0.039 0.038 0.036 0.028 0.026 0.026 0.020 0.017 0.016
0.082 0.081 0.057 0.042 0.042 0.041 0.037 0.037 0.033 0.031 0.030 0.029 0.029 0.027 0.025 0.024 0.023 0.022 0.021 0.020
0.083 0.062 0.062 0.059 0.054 0.051 0.050 0.046 0.045 0.042 0.039 0.037 0.035 0.034 0.027 0.026 0.022 0.022 0.018 0.018
0.109 0.089 0.068 0.064 0.056 0.053 0.049 0.045 0.040 0.036 0.029 0.028 0.023 0.021 0.021 0.020 0.019 0.018 0.015 0.015
0.105 0.079 0.058 0.051 0.051 0.047 0.047 0.046 0.044 0.042 0.040 0.032 0.031 0.023 0.022 0.022 0.020 0.020 0.019 0.016
0.081 0.069 0.055 0.051 0.050 0.047 0.043 0.041 0.035 0.032 0.032 0.027 0.025 0.025 0.023 0.023 0.022 0.021 0.021 0.020
0.066 0.056 0.048 0.047 0.046 0.043 0.037 0.035 0.034 0.032 0.032 0.031 0.031 0.029 0.027 0.024 0.023 0.023 0.022 0.020
0.089 0.086 0.060 0.059 0.049 0.045 0.042 0.038 0.033 0.033 0.032 0.031 0.030 0.030 0.029 0.028 0.027 0.024 0.020 0.020
0.095 0.080 0.077 0.075 0.065 0.046 0.042 0.041 0.041 0.040 0.039 0.036 0.032 0.025 0.025 0.025 0.018 0.015 0.015 0.014
0.137 0.082 0.079 0.067 0.055 0.049 0.043 0.040 0.036 0.033 0.029 0.028 0.028 0.025 0.024 0.023 0.020 0.019 0.018 0.017
0.083 0.081 0.081 0.075 0.068 0.048 0.044 0.044 0.039 0.039 0.037 0.036 0.036 0.032 0.031 0.030 0.026 0.022 0.021 0.016
0.085 0.078 0.073 0.058 0.047 0.045 0.044 0.042 0.042 0.041 0.038 0.034 0.032 0.027 0.026 0.025 0.021 0.021 0.018 0.017
0.118 0.082 0.074 0.060 0.056 0.046 0.045 0.043 0.034 0.031 0.031 0.030 0.028 0.023 0.020 0.019 0.018 0.017 0.016 0.016
0.086 0.068 0.065 0.058 0.055 0.054 0.053 0.052 0.049 0.047 0.042 0.033 0.032 0.031 0.025 0.024 0.022 0.021 0.020 0.018
0.085 0.081 0.079 0.079 0.073 0.053 0.050 0.050 0.037 0.031 0.030 0.023 0.022 0.022 0.021 0.021 0.020 0.019 0.019 0.018
0.111 0.093 0.062 0.058 0.057 0.051 0.051 0.050 0.046 0.041 0.035 0.030 0.029 0.028 0.024 0.024 0.020 0.018 0.018 0.017
0.126 0.113 0.088 0.054 0.052 0.049 0.043 0.034 0.033 0.032 0.030 0.030 0.029 0.027 0.025 0.022 0.022 0.019 0.017 0.017
0.071 0.070 0.068 0.053 0.048 0.046 0.045 0.045 0.043 0.040 0.033 0.031 0.028 0.028 0.025 0.024 0.021 0.021 0.019 0.019
0.079 0.077 0.076 0.070 0.065 0.062 0.058 0.056 0.051 0.034 0.032 0.030 0.030 0.029 0.028 0.026 0.024 0.023 0.015 0.015
0.107 0.093 0.086 0.054 0.049 0.045 0.044 0.043 0.040 0.036 0.035 0.027 0.027 0.026 0.026 0.021 0.020 0.018 0.017 0.015
0.069 0.068 0.059 0.057 0.056 0.056 0.052 0.044 0.043 0.043 0.037 0.036 0.029 0.024 0.020 0.019 0.019 0.017 0.017 0.016
0.068 0.065 0.053 0.050 0.048 0.044 0.044 0.043 0.036 0.035 0.034 0.034 0.031 0.031 0.030 0.028 0.026 0.024 0.022 0.022
0.078 0.069 0.066 0.053 0.050 0.047 0.043 0.041 0.041 0.041 0.040 0.037 0.035 0.034 0.030 0.028 0.025 0.025 0.024 0.022
0.093 0.068 0.060 0.059 0.057 0.045 0.043 0.042 0.040 0.036 0.033 0.031 0.030 0.026 0.025 0.023 0.023 0.023 0.021 0.021
0.108 0.091 0.073 0.072 0.056 0.048 0.048 0.044 0.038 0.034 0.033 0.031 0.030 0.030 0.029 0.028 0.025 0.023 0.022 0.020
0.099 0.086 0.076 0.068 0.063 0.060 0.053 0.046 0.043 0.040 0.035 0.035 0.030 0.029 0.026 0.026 0.021 0.018 0.015 0.014
0.091 0.074 0.070 0.062 0.059 0.049 0.045 0.045 0.042 0.042 0.039 0.030 0.029 0.026 0.026 0.026 0.025 0.021 0.019 0.014
0.110 0.101 0.059 0.059 0.051 0.049 0.047 0.041 0.040 0.034 0.033 0.029 0.028 0.023 0.023 0.021 0.019 0.019 0.018 0.018
0.077 0.062 0.056 0.052 0.050 0.047 0.038 0.034 0.032 0.032 0.031 0.031 0.031 0.027 0.027 0.026 0.025 0.023 0.020 0.020
