0.110 0.066 0.064 0.055 0.053 0.050 0.044 0.041 0.034 0.031 0.031 0.029 0.025 0.024 0.021 0.020 0.020 0.018 0.016 0.014
0.061 0.060 0.057 0.057 0.048 0.041 0.041 0.039 0.033 0.030 0.029 0.028 0.028 0.028 0.026 0.025 0.025 0.023 0.022 0.022
0.109 0.065 0.056 0.051 0.049 0.040 0.040 0.039 0.038 0.033 0.032 0.031 0.031 0.027 0.026 0.026 0.021 0.020 0.019 0.019
0.101 0.074 0.058 0.047 0.042 0.041 0.039 0.039 0.037 0.029 0.025 0.025 0.025 0.021 0.019 0.018 0.018 0.017 0.017 0.015
0.071 0.063 0.060 0.057 0.047 0.046 0.044 0.043 0.041 0.039 0.037 0.033 0.029 0.028 0.027 0.027 0.027 0.022 0.022 0.018
0.072 0.061 0.054 0.045 0.042 0.042 0.040 0.040 0.039 0.038 0.034 0.032 0.031 0.030 0.028 0.026 0.025 0.024 0.024 0.023
0.055 0.054 0.047 0.044 0.040 0.038 0.037 0.036 0.036 0.034 0.031 0.031 0.030 0.027 0.026 0.025 0.025 0.023 0.023 0.022
0.106 0.082 0.060 0.058 0.053 0.048 0.044 0.037 0.030 0.029 0.027 0.026 0.025 0.024 0.022 0.019 0.019 0.018 0.016 0.016
0.083 0.082 0.077 0.062 0.061 0.059 0.050 0.038 0.031 0.031 0.030 0.029 0.029 0.024 0.022 0.022 0.017 0.014 0.013 0.013
0.075 0.066 0.051 0.049 0.047 0.045 0.045 0.044 0.037 0.036 0.036 0.030 0.029 0.028 0.024 0.024 0.022 0.021 0.020 0.018
0.079 0.050 0.049 0.044 0.041 0.036 0.035 0.033 0.033 0.032 0.028 0.026 0.025 0.022 0.022 0.022 0.021 0.020 0.019 0.019
0.069 0.063 0.057 0.054 0.050 0.047 0.046 0.040 0.036 0.035 0.033 0.032 0.028 0.026 0.026 0.025 0.025 0.023 0.019 0.018
0.065 0.053 0.052 0.050 0.048 0.045 0.038 0.038 0.037 0.037 0.033 0.032 0.031 0.031 0.029 0.028 0.027 0.024 0.022 0.020
0.079 0.075 0.050 0.049 0.048 0.045 0.039 0.032 0.031 0.028 0.027 0.026 0.023 0.022 0.022 0.019 0.018 0.017 0.015 0.015
0.065 0.064 0.057 0.049 0.048 0.037 0.034 0.033 0.032 0.028 0.028 0.027 0.027 0.027 0.026 0.026 0.021 0.021 0.020 0.020
0.104 0.073 0.050 0.046 0.043 0.038 0.037 0.034 0.030 0.029 0.028 0.028 0.027 0.026 0.026 0.026 0.026 0.025 0.023 0.021
0.080 0.056 0.051 0.050 0.047 0.044 0.043 0.043 0.038 0.034 0.032 0.032 0.031 0.029 0.025 0.024 0.023 0.021 0.021 0.018
0.067 0.062 0.053 0.052 0.052 0.045 0.044 0.044 0.042 0.040 0.038 0.038 0.036 0.033 0.029 0.027 0.023 0.022 0.018 0.018
0.089 0.071 0.066 0.064 0.061 0.056 0.054 0.042 0.041 0.039 0.035 0.031 0.025 0.022 0.022 0.022 0.021 0.019 0.019 0.018
0.109 0.081 0.079 0.071 0.045 0.044 0.042 0.041 0.040 0.036 0.033 0.028 0.028 0.026 0.022 0.021 0.021 0.020 0.017 0.014
0.094 0.077 0.063 0.058 0.051 0.050 0.047 0.042 0.039 0.033 0.028 0.025 0.024 0.023 0.021 0.019 0.019 0.017 0.017 0.017
0.084 0.075 0.070 0.065 0.049 0.045 0.035 0.033 0.032 0.031 0.026 0.025 0.025 0.024 0.023 0.021 0.020 0.017 0.015 0.015
0.070 0.062 0.060 0.054 0.050 0.045 0.044 0.040 0.038 0.034 0.031 0.027 0.027 0.026 0.025 0.025 0.024 0.023 0.022 0.022
0.075 0.064 0.061 0.048 0.047 0.038 0.036 0.033 0.032 0.031 0.031 0.030 0.029 0.029 0.028 0.026 0.025 0.022 0.019 0.015
0.106 0.067 0.065 0.062 0.050 0.047 0.044 0.042 0.037 0.033 0.031 0.028 0.026 0.026 0.024 0.023 0.023 0.022 0.017 0.017
0.086 0.070 0.067 0.060 0.054 0.040 0.036 0.034 0.033 0.032 0.030 0.028 0.028 0.026 0.025 0.022 0.021 0.019 0.016 0.016
0.094 0.079 0.065 0.058 0.056 0.054 0.043 0.042 0.038 0.035 0.034 0.033 0.030 0.029 0.026 0.025 0.025 0.024 0.021 0.013
0.066 0.051 0.049 0.049 0.043 0.042 0.041 0.038 0.033 0.032 0.029 0.029 0.028 0.028 0.027 0.025 0.024 0.024 0.023 0.021
0.081 0.065 0.062 0.060 0.054 0.045 0.035 0.035 0.035 0.034 0.033 0.030 0.030 0.028 0.026 0.025 0.025 0.022 0.020 0.019
0.102 0.082 0.063 0.061 0.060 0.060 0.051 0.046 0.041 0.034 0.031 0.025 0.024 0.024 0.021 0.020 0.020 0.016 0.014 0.013
0.083 0.081 0.071 0.061 0.055 0.049 0.045 0.042 0.042 0.038 0.037 0.026 0.024 0.023 0.023 0.021 0.021 0.020 0.016 0.016
0.089 0.053 0.051 0.046 0.046 0.045 0.040 0.035 0.032 0.030 0.029 0.029 0.027 0.027 0.024 0.023 0.023 0.021 0.020 0.020
0.086 0.077 0.051 0.045 0.042 0.040 0.039 0.039 0.035 0.032 0.030 0.026 0.025 0.025 0.025 0.024 0.022 0.022 0.021 0.020
0.081 0.069 0.062 0.060 0.051 0.050 0.046 0.028 0.027 0.027 0.026 0.025 0.025 0.023 0.021 0.020 0.019 0.018 0.017 0.016
0.068 0.066 0.064 0.057 0.057 0.041 0.040 0.038 0.038 0.037 0.033 0.033 0.032 0.028 0.025 0.025 0.025 0.024 0.023 0.021
0.085 0.076 0.054 0.036 0.034 0.034 0.033 0.032 0.031 0.027 0.026 0.026 0.025 0.025 0.024 0.024 0.024 0.023 0.019 0.018
0.070 0.064 0.052 0.043 0.042 0.041 0.041 0.036 0.034 0.032 0.031 0.029 0.029 0.029 0.027 0.027 0.025 0.023 0.023 0.022
0.099 0.069 0.063 0.062 0.050 0.049 0.046 0.045 0.045 0.041 0.038 0.036 0.023 0.018 0.017 0.016 0.015 0.014 0.014 0.013
0.076 0.069 0.058 0.048 0.039 0.039 0.037 0.035 0.034 0.032 0.030 0.023 0.023 0.022 0.022 0.021 0.020 0.019 0.019 0.017
0.065 0.055 0.052 0.050 0.048 0.046 0.045 0.043 0.040 0.036 0.035 0.035 0.030 0.028 0.027 0.025 0.025 0.024 0.020 0.019
0.059 0.052 0.052 0.049 0.049 0.048 0.045 0.040 0.039 0.039 0.035 0.034 0.029 0.029 0.026 0.024 0.024 0.023 0.020 0.020
0.055 0.054 0.054 0.049 0.049 0.048 0.044 0.044 0.039 0.037 0.035 0.034 0.031 0.026 0.025 0.021 0.021 0.020 0.018 0.018
0.062 0.057 0.054 0.053 0.049 0.039 0.036 0.036 0.035 0.032 0.030 0.025 0.025 0.025 0.024 0.023 0.022 0.021 0.020 0.018
0.075 0.060 0.056 0.053 0.046 0.046 0.043 0.040 0.039 0.037 0.035 0.032 0.031 0.027 0.024 0.023 0.021 0.020 0.017 0.016
0.070 0.068 0.067 0.065 0.053 0.051 0.050 0.045 0.041 0.041 0.040 0.039 0.029 0.024 0.024 0.021 0.020 0.017 0.016 0.016
0.070 0.070 0.049 0.049 0.047 0.045 0.041 0.036 0.032 0.030 0.026 0.026 0.024 0.024 0.024 0.024 0.024 0.023 0.021 0.020
0.093 0.063 0.063 0.060 0.055 0.049 0.044 0.043 0.039 0.039 0.034 0.029 0.027 0.024 0.024 0.022 0.020 0.019 0.018 0.017
0.066 0.060 0.056 0.051 0.044 0.043 0.040 0.039 0.037 0.037 0.034 0.029 0.027 0.025 0.025 0.023 0.021 0.020 0.018 0.016
0.093 0.071 0.065 0.063 0.063 0.046 0.044 0.040 0.033 0.026 0.025 0.025 0.024 0.023 0.019 0.018 0.018 0.016 0.015 0.015
0.088 0.079 0.078 0.072 0.059 0.049 0.047 0.042 0.038 0.032 0.031 0.027 0.027 0.026 0.025 0.024 0.024 0.023 0.020 0.018
